nHyp70 = [ 16.   7.   2.] 
prior70 = [ 3.  3.  3.] 
acc70 = [ 0.71006215  0.84993817  0.991     ] 
ent70 = [ 0.99885344  0.99932874  0.        ] 
nHyp71 = [ 28.  16.   8.] 
prior71 = [ 3.  3.  3.] 
acc71 = [ 0.60939121  0.83302026  0.88688674] 
ent71 = [ 0.96338102  0.96601276  0.        ] 
