nHyp210 = [ 45.  19.   5.] 
prior210 = [ 5.  5.  6.] 
acc210 = [ 0.40719805  0.45        0.45      ] 
ent210 = [ 0.98553195  0.78959197  0.        ] 
nHyp211 = [ 49.  12.  37.] 
prior211 = [ 5.  6.  7.] 
acc211 = [ 0.5362332   0.53509804  0.59326803] 
ent211 = [ 0.7889207   0.          0.95626196] 
