nHyp20 = [ 50.  21.  23.] 
prior20 = [ 4.  4.  4.] 
acc20 = [ 0.61290644  0.62388788  0.62014344] 
ent20 = [ 0.99695495  0.76511401  0.7108272 ] 
nHyp21 = [ 50.  45.  30.] 
prior21 = [ 4.  4.  7.] 
acc21 = [ 0.62321765  0.66182217  0.72245791] 
ent21 = [ 0.46801192  0.99959177  0.64609869] 
