nHyp90 = [ 44.  20.   4.] 
prior90 = [ 5.  5.  5.] 
acc90 = [ 0.42148073  0.45833792  0.375     ] 
ent90 = [ 0.99784945  0.99049646  0.        ] 
nHyp91 = [ 44.  49.  29.] 
prior91 = [ 5.  5.  3.] 
acc91 = [ 0.51849588  0.51078349  0.48727729] 
ent91 = [ 0.22617356  0.43769368  0.46058713] 
