nHyp200 = [ 50.  45.  50.] 
prior200 = [ 4.  3.  4.] 
acc200 = [ 0.81472399  0.79088088  0.77964923] 
ent200 = [ 0.98187938  0.97530471  0.99998172] 
nHyp201 = [ 50.  47.  45.] 
prior201 = [ 4.  4.  4.] 
acc201 = [ 0.79143684  0.79471246  0.7923836 ] 
ent201 = [ 0.6488682  0.2102634  0.       ] 
