nHyp260 = [ 50.  50.  34.] 
prior260 = [ 4.  4.  5.] 
acc260 = [ 0.75549229  0.78072533  0.80011609] 
ent260 = [ 0.99941418  0.9887335   0.98798486] 
nHyp261 = [ 50.  32.  30.] 
prior261 = [ 4.  4.  4.] 
acc261 = [ 0.71888561  0.80043931  0.82954539] 
ent261 = [ 0.89222883  0.85032858  0.97316573] 
