nHyp250 = [ 50.  50.  21.] 
prior250 = [ 4.  5.  6.] 
acc250 = [ 0.4796935   0.47810594  0.66887052] 
ent250 = [ 0.9999906   0.90376176  0.99983959] 
nHyp251 = [ 50.  25.  13.] 
prior251 = [ 4.  4.  5.] 
acc251 = [ 0.46709966  0.62491347  0.65215751] 
ent251 = [ 0.98132933  0.99294642  0.64716385] 
