nHyp00 = [ 50.  50.  32.] 
prior00 = [ 5.  5.  7.] 
acc00 = [ 0.58408894  0.63595806  0.64238031] 
ent00 = [ 0.94559792  0.99884062  0.98443448] 
nHyp01 = [ 50.  50.  39.] 
prior01 = [ 5.  5.  5.] 
acc01 = [ 0.64939941  0.65313007  0.64492571] 
ent01 = [ 0.81703033  0.99475175  0.84398098] 
