nHyp240 = [ 28.  13.   5.] 
prior240 = [ 3.  3.  3.] 
acc240 = [ 0.67776776  0.86387375  0.93870826] 
ent240 = [ 0.99996476  0.99918519  0.99300159] 
nHyp241 = [ 28.  23.  23.] 
prior241 = [ 3.  3.  3.] 
acc241 = [ 0.61714769  0.75287567  0.75287567] 
ent241 = [ 0.72237882  0.          0.40637723] 
