nHyp80 = [ 50.  50.  50.] 
prior80 = [ 4.  4.  4.] 
acc80 = [ 0.82883664  0.77344871  0.66248682] 
ent80 = [ 0.94807257  0.9976911   0.98642161] 
nHyp81 = [ 50.  46.  44.] 
prior81 = [ 4.  4.  5.] 
acc81 = [ 0.76676958  0.78434564  0.78727568] 
ent81 = [ 0.65699902  0.39724316  0.97358275] 
