nHyp270 = [ 50.  23.  24.] 
prior270 = [ 3.  3.  3.] 
acc270 = [ 0.88192941  0.95640951  0.87637129] 
ent270 = [ 0.99996082  0.93642845  0.98067612] 
nHyp271 = [ 50.  45.  43.] 
prior271 = [ 3.  3.  3.] 
acc271 = [ 0.88192941  0.90786979  0.91004104] 
ent271 = [ 0.41235448  0.22441295  0.78174418] 
