nHyp30 = [ 50.  33.  41.] 
prior30 = [ 4.  8.  8.] 
acc30 = [ 0.71055962  0.76892353  0.78104771] 
ent30 = [ 0.99989228  0.99901926  0.99753504] 
nHyp31 = [ 50.  44.  42.] 
prior31 = [ 4.  4.  4.] 
acc31 = [ 0.69233335  0.72290232  0.72704983] 
ent31 = [ 0.52518298  0.20748641  0.48606025] 
