nHyp120 = [ 45.  19.   5.] 
prior120 = [ 5.  5.  6.] 
acc120 = [ 0.53573268  0.55        0.55      ] 
ent120 = [ 0.98553195  0.78959197  0.        ] 
nHyp121 = [ 45.  45.  13.] 
prior121 = [ 5.  5.  6.] 
acc121 = [ 0.54193704  0.54193704  0.53243099] 
ent121 = [ 0.  0.  0.] 
