nHyp160 = [ 49.   6.   1.] 
prior160 = [ 5.  5.  6.] 
acc160 = [ 0.48731495  0.51046512  0.425     ] 
ent160 = [ 0.63880715  0.98816622  0.        ] 
nHyp161 = [ 49.   3.   1.] 
prior161 = [ 5.  5.  5.] 
acc161 = [ 0.55474796  0.5         0.425     ] 
ent161 = [ 0.44907555  0.          0.        ] 
