nHyp180 = [ 50.  29.  11.] 
prior180 = [ 5.  5.  5.] 
acc180 = [ 0.51771213  0.55003679  0.49110458] 
ent180 = [ 0.97744345  0.9736523   0.91363778] 
nHyp181 = [ 50.  18.  18.] 
prior181 = [ 5.  6.  6.] 
acc181 = [ 0.47909041  0.60695592  0.60695592] 
ent181 = [ 0.9231497   0.          0.91829583] 
