nHyp290 = [ 46.  22.  14.] 
prior290 = [ 4.  4.  4.] 
acc290 = [ 0.5286039   0.65144826  0.81886252] 
ent290 = [ 0.9997628   0.87420685  0.72453904] 
nHyp291 = [ 34.  17.   6.] 
prior291 = [ 4.  4.  4.] 
acc291 = [ 0.54147846  0.76018679  0.73135965] 
ent291 = [ 0.98527435  0.63501577  0.58515699] 
