nHyp130 = [ 49.  21.  21.] 
prior130 = [ 5.  6.  6.] 
acc130 = [ 0.75706398  0.875       0.875     ] 
ent130 = [ 0.97086142  0.          0.        ] 
nHyp131 = [ 49.  49.  49.] 
prior131 = [ 5.  5.  5.] 
acc131 = [ 0.75706398  0.75706398  0.75706398] 
ent131 = [ 0.          0.          0.80364601] 
