nHyp170 = [ 16.   7.   2.] 
prior170 = [ 3.  3.  3.] 
acc170 = [ 0.71220532  0.82570074  0.991     ] 
ent170 = [ 0.99885344  0.99932874  0.        ] 
nHyp171 = [ 16.   4.   4.] 
prior171 = [ 3.  3.  3.] 
acc171 = [ 0.79674239  0.96056955  0.96056955] 
ent171 = [ 0.96565989  0.          0.        ] 
