nHyp140 = [ 45.  19.   5.] 
prior140 = [ 5.  5.  6.] 
acc140 = [ 0.73827363  0.75591872  0.775     ] 
ent140 = [ 0.98553195  0.78959197  0.        ] 
nHyp141 = [ 45.  45.  19.] 
prior141 = [ 5.  5.  5.] 
acc141 = [ 0.84900632  0.84900632  0.88091872] 
ent141 = [ 0.          0.98553195  0.        ] 
