nHyp10 = [ 50.  25.  35.] 
prior10 = [ 5.  5.  5.] 
acc10 = [ 0.50687907  0.71795754  0.75280859] 
ent10 = [ 0.99668865  0.9995961   0.28350802] 
nHyp11 = [ 50.  19.  19.] 
prior11 = [ 5.  5.  5.] 
acc11 = [ 0.51477047  0.63650547  0.63650547] 
ent11 = [ 0.96388638  0.          0.91424762] 
