nHyp40 = [ 45.  19.   5.] 
prior40 = [ 5.  5.  6.] 
acc40 = [ 0.73175794  0.8736749   0.95      ] 
ent40 = [ 0.98553195  0.78959197  0.        ] 
nHyp41 = [ 50.  46.  45.] 
prior41 = [ 3.  3.  3.] 
acc41 = [ 0.78650628  0.85189655  0.85721831] 
ent41 = [ 0.43633014  0.14529545  0.        ] 
