nHyp110 = [ 34.  18.  13.] 
prior110 = [ 4.  4.  4.] 
acc110 = [ 0.5182574   0.62497707  0.75180851] 
ent110 = [ 0.9973836   0.77774421  0.76797065] 
nHyp111 = [ 34.   5.   2.] 
prior111 = [ 4.  4.  4.] 
acc111 = [ 0.54747968  0.80586735  0.77926829] 
ent111 = [ 0.758149    0.98068573  0.        ] 
