nHyp150 = [ 50.  50.  27.] 
prior150 = [ 4.  4.  4.] 
acc150 = [ 0.82291676  0.66906702  0.83287834] 
ent150 = [ 0.99446678  0.99999842  0.99995837] 
nHyp151 = [ 50.  50.  21.] 
prior151 = [ 4.  4.  4.] 
acc151 = [ 0.82809786  0.55523852  0.7772177 ] 
ent151 = [ 0.99446678  0.99913085  0.39726975] 
