nHyp220 = [ 50.  24.  11.] 
prior220 = [ 4.  5.  6.] 
acc220 = [ 0.80050504  0.91883829  0.95237342] 
ent220 = [ 0.99446678  0.99093342  0.99583504] 
nHyp221 = [ 50.  18.  18.] 
prior221 = [ 4.  4.  4.] 
acc221 = [ 0.79842976  0.88326074  0.88326074] 
ent221 = [ 0.97392187  0.          0.        ] 
