nHyp190 = [ 49.  28.   9.] 
prior190 = [ 5.  3.  5.] 
acc190 = [ 0.38196355  0.41517394  0.49802405] 
ent190 = [ 0.88732985  0.90261773  0.99466942] 
nHyp191 = [ 49.   3.   1.] 
prior191 = [ 5.  5.  5.] 
acc191 = [ 0.5514166  0.45       1.       ] 
ent191 = [ 0.44907555  0.          0.        ] 
