nHyp230 = [ 50.  50.  50.] 
prior230 = [ 4.  4.  5.] 
acc230 = [ 0.45877087  0.42235763  0.44951325] 
ent230 = [ 0.99999884  0.98918438  0.99147355] 
nHyp231 = [ 50.  50.  50.] 
prior231 = [ 4.  5.  5.] 
acc231 = [ 0.50390751  0.48457997  0.47729467] 
ent231 = [ 0.82621209  0.99780025  0.68207159] 
