nHyp50 = [ 44.   8.   6.] 
prior50 = [ 5.  5.  5.] 
acc50 = [ 0.43436399  0.56117647  0.575     ] 
ent50 = [ 0.8249151   0.79373356  0.        ] 
nHyp51 = [ 44.   1.   1.] 
prior51 = [ 5.  5.  5.] 
acc51 = [ 0.41604222  0.45        0.45      ] 
ent51 = [ 0.22617356  0.          0.        ] 
