nHyp280 = [ 29.  19.  11.] 
prior280 = [ 4.  3.  4.] 
acc280 = [ 0.60106973  0.58475546  0.57200637] 
ent280 = [ 0.96004846  0.99426018  0.99908206] 
nHyp281 = [ 29.  37.  49.] 
prior281 = [ 4.  3.  4.] 
acc281 = [ 0.60106973  0.61247453  0.6       ] 
ent281 = [ 0.89619858  0.          0.        ] 
