nHyp60 = [ 50.  50.  50.] 
prior60 = [ 5.  5.  5.] 
acc60 = [ 0.46047671  0.47884766  0.49521656] 
ent60 = [ 0.85551008  0.97369901  0.9588324 ] 
nHyp61 = [ 49.  49.  22.] 
prior61 = [ 5.  5.  5.] 
acc61 = [ 0.54096491  0.54096491  0.53006332] 
ent61 = [ 0.          0.99366815  0.72696455] 
