nHyp100 = [ 48.   5.   2.] 
prior100 = [ 5.  5.  5.] 
acc100 = [ 0.31745747  0.56967456  0.5625    ] 
ent100 = [ 0.63172355  0.98415668  1.        ] 
nHyp101 = [ 48.  50.  34.] 
prior101 = [ 5.  4.  3.] 
acc101 = [ 0.3246111   0.35353989  0.37996478] 
ent101 = [ 0.21444231  0.30563156  0.29784155] 
