nHyp60 = [ 2.  2.  1.  1.  1.  1.] 
prior60 = [ 0.16666667  0.15384615  0.15789474  0.16666667  0.16129032  0.16216216] 
acc60 = [ 0.775  0.775  1.     1.     1.     1.   ] 
ent60 = [ 0.  0.  0.  0.  0.  0.] 
nHyp61 = [ 2.  2.  2.  2.  2.  2.] 
prior61 = [ 0.16666667  0.16666667  0.16666667  0.16666667  0.16666667  0.16666667] 
acc61 = [ 0.775  0.775  0.775  0.775  0.775  0.775] 
ent61 = [ 0.  0.  0.  0.  0.  0.] 
