nHyp160 = [ 2.  2.  1.  1.  1.  1.] 
prior160 = [ 0.16666667  0.18181818  0.15        0.14285714  0.15151515  0.15384615] 
acc160 = [ 0.7  0.7  1.   1.   1.   1. ] 
ent160 = [ 0.  0.  0.  0.  0.  0.] 
nHyp161 = [ 2.  2.  1.  1.  1.  1.] 
prior161 = [ 0.16666667  0.16666667  0.13333333  0.14285714  0.14285714  0.13888889] 
acc161 = [ 0.7  0.7  1.   1.   1.   1. ] 
ent161 = [ 0.  0.  0.  0.  0.  0.] 
