nHyp180 = [ 2.  2.  1.  1.  1.  1.] 
prior180 = [ 0.2         0.22222222  0.2         0.19047619  0.18518519  0.1875    ] 
acc180 = [ 0.65909091  0.75        1.          1.          1.          1.        ] 
ent180 = [ 0.99403021  0.          0.          0.          0.          0.        ] 
nHyp181 = [ 2.  2.  2.  1.  1.  1.] 
prior181 = [ 0.2         0.2         0.2         0.2         0.17647059  0.17647059] 
acc181 = [ 0.65909091  0.65909091  0.65909091  1.          1.          1.        ] 
ent181 = [ 0.  0.  0.  0.  0.  0.] 
