nHyp20 = [ 2.  2.  1.  1.  1.  1.] 
prior20 = [ 0.14285714  0.16666667  0.15        0.16666667  0.17857143  0.1875    ] 
acc20 = [ 0.825  0.825  1.     1.     1.     1.   ] 
ent20 = [ 0.  0.  0.  0.  0.  0.] 
nHyp21 = [ 2.  2.  2.  2.  2.  1.] 
prior21 = [ 0.25        0.22222222  0.22222222  0.22222222  0.25        0.2       ] 
acc21 = [ 0.65   0.775  0.775  0.775  0.775  1.   ] 
ent21 = [ 0.99107606  0.          0.          0.          0.          0.        ] 
