nHyp70 = [ 2.  2.  1.  1.  1.  1.] 
prior70 = [ 0.16666667  0.15384615  0.15789474  0.16666667  0.16129032  0.16216216] 
acc70 = [ 0.775  0.775  1.     1.     1.     1.   ] 
ent70 = [ 0.  0.  0.  0.  0.  0.] 
nHyp71 = [ 2.  2.  2.  2.  2.  2.] 
prior71 = [ 0.16666667  0.16666667  0.1875      0.1875      0.1875      0.1875    ] 
acc71 = [ 0.725  0.725  0.725  0.725  0.725  0.725] 
ent71 = [ 0.  0.  0.  0.  0.  0.] 
