nHyp30 = [ 2.  2.  2.  2.  1.  1.] 
prior30 = [ 0.25        0.28571429  0.23076923  0.25        0.19230769  0.19354839] 
acc30 = [ 0.65   0.775  0.775  0.775  1.     1.   ] 
ent30 = [ 0.99107606  0.          0.          0.          0.          0.        ] 
nHyp31 = [ 2.  2.  2.  2.  2.  2.] 
prior31 = [ 0.25  0.25  0.25  0.25  0.25  0.2 ] 
acc31 = [ 0.66944444  0.66944444  0.66944444  0.66944444  0.66944444  0.725     ] 
ent31 = [ 0.          0.          0.          0.          0.99107606  0.        ] 
