nHyp40 = [ 2.  2.  1.  1.  1.  1.] 
prior40 = [ 0.25        0.2         0.17647059  0.18181818  0.18518519  0.19354839] 
acc40 = [ 0.66944444  0.725       1.          1.          1.          1.        ] 
ent40 = [ 0.99107606  0.          0.          0.          0.          0.        ] 
nHyp41 = [ 2.  2.  1.  1.  1.  1.] 
prior41 = [ 0.16666667  0.16666667  0.15384615  0.17647059  0.17647059  0.19047619] 
acc41 = [ 0.675  0.675  1.     1.     1.     1.   ] 
ent41 = [ 0.  0.  0.  0.  0.  0.] 
