nHyp130 = [ 2.  1.  1.  1.  1.  1.] 
prior130 = [ 0.16666667  0.16666667  0.16666667  0.18181818  0.17241379  0.17142857] 
acc130 = [ 0.725  1.     1.     1.     1.     1.   ] 
ent130 = [ 0.  0.  0.  0.  0.  0.] 
nHyp131 = [ 2.  2.  2.  2.  2.  2.] 
prior131 = [ 0.16666667  0.16666667  0.16666667  0.16666667  0.2         0.2       ] 
acc131 = [ 0.725  0.725  0.725  0.725  0.725  0.725] 
ent131 = [ 0.  0.  0.  0.  0.  0.] 
