nHyp150 = [ 2.  2.  1.  1.  1.  1.] 
prior150 = [ 0.25        0.2         0.16666667  0.18181818  0.17241379  0.17142857] 
acc150 = [ 0.62777778  0.725       1.          1.          1.          1.        ] 
ent150 = [ 0.99107606  0.          0.          0.          0.          0.        ] 
nHyp151 = [ 3.  2.  1.  1.  1.  1.] 
prior151 = [ 0.5         0.2         0.1875      0.18181818  0.18181818  0.18181818] 
acc151 = [ 0.575  0.775  1.     1.     1.     1.   ] 
ent151 = [ 0.  0.  0.  0.  0.  0.] 
