nHyp90 = [ 3.  2.  1.  1.  1.  1.] 
prior90 = [ 0.5         0.28571429  0.21428571  0.2         0.20833333  0.2       ] 
acc90 = [ 0.575  0.775  1.     1.     1.     1.   ] 
ent90 = [ 0.  0.  0.  0.  0.  0.] 
nHyp91 = [ 3.  1.  1.  1.  1.  1.] 
prior91 = [ 0.5         0.16666667  0.1875      0.18181818  0.18518519  0.18518519] 
acc91 = [ 0.55  1.    1.    1.    1.    1.  ] 
ent91 = [ 0.  0.  0.  0.  0.  0.] 
