nHyp120 = [ 2.  2.  1.  1.  1.  1.] 
prior120 = [ 0.25        0.2         0.16666667  0.17391304  0.17857143  0.1875    ] 
acc120 = [ 0.73055556  0.8         1.          1.          1.          1.        ] 
ent120 = [ 0.99107606  0.          0.          0.          0.          0.        ] 
nHyp121 = [ 2.  2.  1.  1.  1.  1.] 
prior121 = [ 0.16666667  0.16666667  0.14285714  0.14285714  0.14285714  0.14285714] 
acc121 = [ 0.85  0.85  1.    1.    1.    1.  ] 
ent121 = [ 0.  0.  0.  0.  0.  0.] 
