nHyp190 = [ 2.  2.  1.  1.  1.  1.] 
prior190 = [ 0.25        0.18181818  0.15        0.16        0.16129032  0.15384615] 
acc190 = [ 0.66388889  0.775       1.          1.          1.          1.        ] 
ent190 = [ 0.99107606  0.          0.          0.          0.          0.        ] 
nHyp191 = [ 3.  2.  2.  1.  1.  1.] 
prior191 = [ 0.5         0.33333333  0.33333333  0.23529412  0.2         0.2       ] 
acc191 = [ 0.55   0.625  0.625  1.     1.     1.   ] 
ent191 = [ 0.  0.  0.  0.  0.  0.] 
