nHyp00 = [ 2.  1.  1.  1.  1.  1.] 
prior00 = [ 0.14285714  0.15384615  0.16666667  0.16666667  0.17857143  0.1875    ] 
acc00 = [ 0.7  1.   1.   1.   1.   1. ] 
ent00 = [ 0.  0.  0.  0.  0.  0.] 
nHyp01 = [ 2.  2.  2.  2.  2.  2.] 
prior01 = [ 0.16666667  0.18181818  0.18181818  0.18181818  0.18181818  0.2       ] 
acc01 = [ 0.85  0.85  0.85  0.85  0.85  0.85] 
ent01 = [ 0.  0.  0.  0.  0.  0.] 
