nHyp170 = [ 2.  1.  1.  1.  1.  1.] 
prior170 = [ 0.16666667  0.16666667  0.16666667  0.16        0.15625     0.16666667] 
acc170 = [ 0.675  1.     1.     1.     1.     1.   ] 
ent170 = [ 0.  0.  0.  0.  0.  0.] 
nHyp171 = [ 3.  2.  1.  1.  1.  1.] 
prior171 = [ 0.5         0.33333333  0.23076923  0.23076923  0.23076923  0.22222222] 
acc171 = [ 0.55  0.65  1.    1.    1.    1.  ] 
ent171 = [ 0.  0.  0.  0.  0.  0.] 
