nHyp110 = [ 2.  1.  1.  1.  1.  1.] 
prior110 = [ 0.16666667  0.14285714  0.14285714  0.13793103  0.14285714  0.15384615] 
acc110 = [ 0.8  1.   1.   1.   1.   1. ] 
ent110 = [ 0.  0.  0.  0.  0.  0.] 
nHyp111 = [ 2.  2.  2.  2.  2.  2.] 
prior111 = [ 0.25        0.25        0.25        0.21428571  0.21428571  0.21428571] 
acc111 = [ 0.73055556  0.73055556  0.73055556  0.8         0.8         0.8       ] 
ent111 = [ 0.          0.          0.99107606  0.          0.          0.        ] 
