nHyp100 = [ 3.  3.  2.  1.  1.  1.] 
prior100 = [ 0.5         0.5         0.33333333  0.22222222  0.20833333  0.20689655] 
acc100 = [ 0.55   0.55   0.625  1.     1.     1.   ] 
ent100 = [ 0.  0.  0.  0.  0.  0.] 
nHyp101 = [ 2.  2.  2.  2.  1.  1.] 
prior101 = [ 0.16666667  0.18181818  0.18181818  0.18181818  0.15789474  0.15789474] 
acc101 = [ 0.8  0.8  0.8  0.8  1.   1. ] 
ent101 = [ 0.  0.  0.  0.  0.  0.] 
