nHyp10 = [ 2.  1.  1.  1.  1.  1.] 
prior10 = [ 0.16666667  0.18181818  0.15789474  0.17391304  0.17241379  0.16666667] 
acc10 = [ 0.85  1.    1.    1.    1.    1.  ] 
ent10 = [ 0.  0.  0.  0.  0.  0.] 
nHyp11 = [ 2.  2.  2.  1.  1.  1.] 
prior11 = [ 0.14285714  0.2         0.2         0.1875      0.1875      0.18181818] 
acc11 = [ 0.825  0.825  0.825  1.     1.     1.   ] 
ent11 = [ 0.  0.  0.  0.  0.  0.] 
