nHyp140 = [ 2.  1.  1.  1.  1.  1.] 
prior140 = [ 0.14285714  0.15384615  0.14285714  0.16        0.16129032  0.16216216] 
acc140 = [ 0.8  1.   1.   1.   1.   1. ] 
ent140 = [ 0.  0.  0.  0.  0.  0.] 
nHyp141 = [ 2.  1.  1.  1.  1.  1.] 
prior141 = [ 0.14285714  0.13333333  0.13333333  0.13333333  0.13333333  0.13333333] 
acc141 = [ 0.8  1.   1.   1.   1.   1. ] 
ent141 = [ 0.  0.  0.  0.  0.  0.] 
