nHyp80 = [ 2.  1.  1.  1.  1.  1.] 
prior80 = [ 0.16666667  0.18181818  0.16666667  0.16        0.16129032  0.16216216] 
acc80 = [ 0.725  1.     1.     1.     1.     1.   ] 
ent80 = [ 0.  0.  0.  0.  0.  0.] 
nHyp81 = [ 2.  2.  1.  1.  1.  1.] 
prior81 = [ 0.14285714  0.14285714  0.13333333  0.13333333  0.13333333  0.14285714] 
acc81 = [ 0.7  0.7  1.   1.   1.   1. ] 
ent81 = [ 0.  0.  0.  0.  0.  0.] 
