nHyp50 = [ 2.  2.  1.  1.  1.  1.] 
prior50 = [ 0.2         0.18181818  0.15        0.15384615  0.15625     0.16216216] 
acc50 = [ 0.59545455  0.675       1.          1.          1.          1.        ] 
ent50 = [ 0.99403021  0.          0.          0.          0.          0.        ] 
nHyp51 = [ 2.  2.  2.  2.  2.  2.] 
prior51 = [ 0.2         0.18181818  0.2         0.2         0.19047619  0.2       ] 
acc51 = [ 0.59545455  0.675       0.675       0.675       0.675       0.675     ] 
ent51 = [ 0.99403021  0.          0.          0.          0.          0.        ] 
